[gd_scene load_steps=4 format=3 uid="uid://cg7pt0ick1aks"]

[ext_resource type="PackedScene" uid="uid://slcrdsg5ydjr" path="res://src/assets/guy.glb" id="1_htcds"]
[ext_resource type="Texture2D" uid="uid://bjev50b72ddco" path="res://icon.svg" id="2_sl3fv"]

[sub_resource type="ORMMaterial3D" id="ORMMaterial3D_72jf7"]
albedo_texture = ExtResource("2_sl3fv")

[node name="guy" instance=ExtResource("1_htcds")]

[node name="rig" parent="." index="0"]
transform = Transform3D(1.09753, 0.0337138, -0.123084, -0.0501104, 1.09393, -0.147193, 0.117368, 0.15179, 1.08814, -0.0315404, -0.0684282, -0.191763)

[node name="Skeleton3D" parent="rig" index="0"]
bones/1/rotation = Quaternion(-0.0417657, 0.125673, -0.00159202, 0.991191)
bones/2/rotation = Quaternion(-0.0109901, 0.0152603, 0.012072, 0.99975)
bones/3/rotation = Quaternion(-0.0276256, 0.0155325, 0.0106631, 0.999441)
bones/4/rotation = Quaternion(0.212323, -0.0115893, -0.00727316, 0.977104)
bones/4/scale = Vector3(1, 1, 1)
bones/5/rotation = Quaternion(-0.00691999, -0.0127312, -0.0050126, 0.999883)
bones/6/rotation = Quaternion(-0.15955, -0.0115639, -0.00731335, 0.987095)
bones/8/rotation = Quaternion(-0.57651, -0.353325, -0.433394, 0.595792)
bones/9/rotation = Quaternion(-0.283418, 0.931645, -0.167488, 0.153817)
bones/9/scale = Vector3(1, 1, 1)
bones/10/rotation = Quaternion(0.561069, 0.189727, 0.184448, 0.784336)
bones/10/scale = Vector3(1, 1, 1)
bones/11/rotation = Quaternion(-0.026307, -0.331753, -0.0271087, 0.94261)
bones/11/scale = Vector3(1, 1, 1)
bones/13/rotation = Quaternion(-0.595503, 0.340056, 0.41048, 0.601036)
bones/14/rotation = Quaternion(-0.0297707, -0.641671, 0.551874, 0.531796)
bones/15/rotation = Quaternion(0.6859, -0.162671, -0.225485, 0.672485)
bones/15/scale = Vector3(1, 1, 1)
bones/16/rotation = Quaternion(-0.0275684, 0.366282, -0.183404, 0.911834)
bones/18/rotation = Quaternion(-5.42602e-08, 0.696936, 0.717133, -5.25152e-08)
bones/18/scale = Vector3(1, 1, 1)
bones/20/rotation = Quaternion(-5.42602e-08, 0.696936, 0.717133, -5.25152e-08)
bones/20/scale = Vector3(1, 1, 1)
bones/22/scale = Vector3(1, 1, 1)
bones/24/rotation = Quaternion(-0.152455, 0.793331, 0.285504, 0.515627)
bones/24/scale = Vector3(1, 1, 1)
bones/26/rotation = Quaternion(0.856627, 0.0541813, -0.0561293, 0.510004)
bones/26/scale = Vector3(1, 1, 1)
bones/27/rotation = Quaternion(0.89604, -0.0397053, -0.055898, 0.438646)
bones/27/scale = Vector3(1, 1, 1)
bones/28/rotation = Quaternion(-0.693154, -0.0282644, -0.0182188, 0.720004)
bones/28/scale = Vector3(1, 1, 1)
bones/29/rotation = Quaternion(0.701062, 0.7108, -0.0553634, -0.0144981)
bones/29/scale = Vector3(1, 1, 1)
bones/31/rotation = Quaternion(0.992892, 0.0360814, 0.032513, 0.10866)
bones/31/scale = Vector3(1, 1, 1)
bones/32/rotation = Quaternion(0.247036, -0.0847725, 0.00568328, 0.965274)
bones/32/scale = Vector3(1, 1, 1)
bones/33/rotation = Quaternion(-0.720129, -0.0260881, -0.0510172, 0.691471)
bones/33/scale = Vector3(1, 1, 1)
bones/34/rotation = Quaternion(-0.660195, 0.688403, -0.242271, -0.177618)

[node name="Foot" parent="rig/Skeleton3D" index="0"]
transform = Transform3D(0.9998, -0.0199913, -0.000993796, 0.0199915, 0.9998, 0.000246026, 0.000988677, -0.000265852, 1, 0, 0, 0)
surface_material_override/0 = SubResource("ORMMaterial3D_72jf7")

[node name="Hand" parent="rig/Skeleton3D" index="1"]
transform = Transform3D(0.9998, -0.0199913, -0.000993796, 0.0199915, 0.9998, 0.000246026, 0.000988677, -0.000265852, 1, 0, 0, 0)
surface_material_override/0 = SubResource("ORMMaterial3D_72jf7")

[node name="Head" parent="rig/Skeleton3D" index="2"]
transform = Transform3D(0.9998, -0.0199913, -0.000993796, 0.0199915, 0.9998, 0.000246026, 0.000988677, -0.000265852, 1, 0, 0, 0)
surface_material_override/0 = SubResource("ORMMaterial3D_72jf7")

[node name="LowerArm" parent="rig/Skeleton3D" index="3"]
transform = Transform3D(0.9998, -0.0199913, -0.000993796, 0.0199915, 0.9998, 0.000246026, 0.000988677, -0.000265852, 1, 0, 0, 0)
surface_material_override/0 = SubResource("ORMMaterial3D_72jf7")

[node name="LowerBody" parent="rig/Skeleton3D" index="4"]
transform = Transform3D(0.9998, -0.0199913, -0.000993796, 0.0199915, 0.9998, 0.000246026, 0.000988677, -0.000265852, 1, 0, 0, 0)
surface_material_override/0 = SubResource("ORMMaterial3D_72jf7")

[node name="Neck" parent="rig/Skeleton3D" index="5"]
transform = Transform3D(0.9998, -0.0199913, -0.000993796, 0.0199915, 0.9998, 0.000246026, 0.000988677, -0.000265852, 1, 0, 0, 0)
surface_material_override/0 = SubResource("ORMMaterial3D_72jf7")

[node name="UnderLeg" parent="rig/Skeleton3D" index="6"]
transform = Transform3D(0.9998, -0.0199913, -0.000993796, 0.0199915, 0.9998, 0.000246026, 0.000988677, -0.000265852, 1, 0, 0, 0)
surface_material_override/0 = SubResource("ORMMaterial3D_72jf7")

[node name="UpperArm" parent="rig/Skeleton3D" index="7"]
transform = Transform3D(0.9998, -0.0199913, -0.000993796, 0.0199915, 0.9998, 0.000246026, 0.000988677, -0.000265852, 1, 0, 0, 0)
surface_material_override/0 = SubResource("ORMMaterial3D_72jf7")

[node name="UpperBody" parent="rig/Skeleton3D" index="8"]
transform = Transform3D(0.9998, -0.0199913, -0.000993796, 0.0199915, 0.9998, 0.000246026, 0.000988677, -0.000265852, 1, 0, 0, 0)
surface_material_override/0 = SubResource("ORMMaterial3D_72jf7")

[node name="UpperLeg" parent="rig/Skeleton3D" index="9"]
transform = Transform3D(1, 0, 0, 0, 1, 0, 0, 0, 1, 0, 0, 0)
surface_material_override/0 = SubResource("ORMMaterial3D_72jf7")

[node name="AnimationPlayer" parent="." index="1"]
autoplay = "running"
